SCMBranch=QuantitativeResearch
SCMRepository=QuantitativeResearch/st_sim/usr/dev/gupon/PythonFix/scenarii
scenar0.xml;2303987019;1;1349876903;
scenar1.xml;2295143682;1;1349876903;
scenar11.xml;1546271545;1;1349876903;
scenar2.xml;989052228;1;1349876903;
scenar3.xml;3857775562;1;1349876903;
scenar31.xml;404409446;1;1349876903;
scenar32.xml;1325492165;1;1349876903;
scenar33.xml;1451385127;1;1349876903;
scenar34.xml;2117809160;1;1349876903;
scenar35.xml;3292374575;1;1349876903;
scenar36.xml;267915619;1;1349876904;
scenar4.xml;2309518745;1;1349876904;
scenar5.xml;3207044100;1;1349876904;
scenar6.xml;2227742339;1;1349876904;
scenar7.xml;3515093518;1;1349876904;
scenar7m.xml;1154576056;1;1349876904;
scenar8.xml;1962141425;1;1349876904;
scenar9.xml;1552416026;1;1349876904;
scenar91.xml;3890328017;1;1349876904;
scenar92.xml;819894450;1;1349876904;
scenar93.xml;82763775;1;1349876904;
