SCMBranch=QuantitativeResearch
SCMRepository=QuantitativeResearch/st_sim/cheuvreux/dbtools
__init__.py;1207690331;3;1340872895;
connections.py;170864777;6;1340872895;
dbobject.py;606383376;1;1340872895;
odbc.py;989608052;6;1340872895;
securities_tools.py;1339309063;2;1340872895;
security.py;1684105866;3;1340872895;
Sqlite.py;3590541983;14;1340872895;
temptable.py;4288224543;2;1340872895;
test_db.py;776099;1;1340872895;
test_repository.py;524262241;2;1340872895;
test_sqlite.py;848063467;1;1340872895;
postgre.py;1410995652;1;1349876883;
repository.py;1399403928;15;1349876883;
SE.py;1150863816;5;1349876883;
tickdb.py;3045437708;10;1349876883;
