SCMBranch=QuantitativeResearch
SCMRepository=QuantitativeResearch/st_sim/usr/dev/sivla/funcs/pyExcelerator
__init__.py;42467981;1;1340872933;
antlr.py;198524231;1;1340872934;
BIFFRecords.py;1155717482;1;1340872934;
Bitmap.py;1257317280;1;1340872934;
Cell.py;230304314;1;1340872934;
Column.py;2314701453;1;1340872934;
CompoundDoc.py;382112536;1;1340872934;
Deco.py;3379273955;1;1340872934;
excel-formula.g;235478213;1;1340872934;
ExcelFormula.py;2967332634;1;1340872934;
ExcelFormulaLexer.py;2770899165;1;1340872934;
ExcelFormulaParser.py;618913290;1;1340872934;
ExcelMagic.py;2251111351;1;1340872934;
Formatting.py;2400743639;1;1340872934;
ImportXLS.py;336183263;1;1340872934;
Row.py;3709822732;1;1340872934;
Style.py;2985544513;1;1340872934;
UnicodeUtils.py;433897452;1;1340872934;
Utils.py;4170225873;1;1340872934;
Workbook.py;2002961419;1;1340872934;
Worksheet.py;1579668664;1;1340872934;
