SCMBranch=QuantitativeResearch
SCMRepository=QuantitativeResearch/st_sim/cheuvreux/bluebox/pta
__init__.py;4294967295;1;1340872893;
activity.cmd;3767042806;5;1340872893;
aggressive.py;3626837581;2;1340872893;
client.cmd;3296161594;7;1340872893;
client.py;2722272592;4;1340872893;
gaming.py;3680632797;1;1340872893;
imbalance_extractor.py;1720836038;2;1340872893;
loader.cmd;3961934450;1;1340872893;
midpoint.cmd;1752926727;2;1340872894;
midpoint.py;2248111339;1;1340872894;
passive.py;3874076429;1;1340872894;
passive_fill_rate.py;764137903;1;1340872894;
prospective.py;2730504533;1;1340872894;
pta.py;25762718;2;1340872894;
tca.cmd;890837515;2;1340872894;
tca_tool.py;1316375738;1;1340872894;
toxicity.py;674553910;1;1340872894;
algo_action.cmd;904658234;4;1349876883;
daily_route_count.cmd;1649636831;3;1349876883;
dma_gtd.cmd;1835857916;1;1349876883;
heatseek.cmd;573125705;9;1349876883;
latency.cmd;838664243;7;1349876883;
loader.py;2081379686;48;1349876883;
opportunity.py;4163875359;2;1349876883;
pta_main.py;747704952;20;1349876883;
tca.py;2728138957;12;1349876883;
xfire.cmd;3528443196;11;1349876883;
