SCMBranch=QuantitativeResearch
SCMRepository=QuantitativeResearch/st_sim/usr/dev/sivla/funcs/DBTools
__init__.py;4294967295;1;1340872933;
binarize.py;2365923104;1;1340872933;
repository.py;890145917;1;1340872933;
SE.py;1958872003;1;1340872933;
security.py;936744451;1;1340872933;
test_db.py;776099;1;1340872933;
test_repository.py;2810208242;1;1340872933;
tickdb.py;3586299554;1;1340872933;
__init__.pyc;996973848;1;1340881725;
parse_algostart.py;1970898766;1;1340881725;
parse_custom_lua.py;1003276947;1;1340881725;
repository.pyc;391013646;1;1340881727;
SE.pyc;2556300927;1;1340881727;
security.pyc;1166507127;1;1340881727;
tickdb.pyc;3133342042;1;1340881727;
exports_kepler.py;2261210613;2;1360068972;
